# Output directory:  /export/scratch/tmp/gsf_gsf_mc_run_as_data_oocZkL
#efficiency name: WP80
#dimension: 1
20    25   -2.5    -1.566  0     5     5        0.539637  0.539724  0.53955   3474    0       
25    30   -2.5    -1.566  0     5     5        0.579682  0.58      0.579365  4914    0       
30    35   -2.5    -1.566  0     5     5        0.632038  0.632177  0.6319    6253    0       
35    40   -2.5    -1.566  0     5     5        0.676396  0.676448  0.676344  6511    0       
45    50   -2.5    -1.566  0     5     5        0.723638  0.723706  0.723571  2434    0       
50    55   -2.5    -1.566  0     5     5        0.745502  0.746253  0.744751  934.999 0       
60    500  -2.5    -1.566  0     5     5        0.797347  0.799397  0.795297  723.994 0       
25    30   -1.4442 1.4442  0     5     5        0.618498  0.618651  0.618346  14052   0       
35    40   -1.4442 1.4442  0     5     5        0.868248  1         0.736497  35712   0       
45    50   -1.4442 1.4442  0     5     5        0.908717  1         0.817434  31126   0       
50    55   -1.4442 1.4442  0     5     5        0.816712  0.817461  0.815962  12008   0       
60    500  -1.4442 1.4442  0     5     5        0.847881  0.848848  0.846915  9326    0       
20    25   1.566   2.5     0     5     5        0.548108  0.54834   0.547877  3415    0       
35    40   1.566   2.5     0     5     5        0.680806  0.680939  0.680672  6545    0       
40    45   1.566   2.5     0     5     5        0.717604  0.717959  0.717249  5206    0       
45    50   1.566   2.5     0     5     5        0.74208   0.74314   0.74102   2255    0       
20    25   -2.5    -1.566  5     102   5        0.520302  0.520323  0.520281  4576    0       
30    35   -2.5    -1.566  5     102   5        0.629379  0.62969   0.629069  8050    0       
35    40   -2.5    -1.566  5     102   5        0.660436  0.660542  0.660331  8524    0       
40    45   -2.5    -1.566  5     102   5        0.700177  0.70022   0.700133  6817    0       
45    50   -2.5    -1.566  5     102   5        0.734989  0.73514   0.734837  3283    0       
50    55   -2.5    -1.566  5     102   5        0.726123  0.727682  0.724564  1377    0       
55    60   -2.5    -1.566  5     102   5        0.726868  0.72788   0.725857  643.998 0       
60    500  -2.5    -1.566  5     102   5        0.754427  0.755041  0.753813  993.994 0       
30    35   -1.4442 1.4442  5     102   5        0.792354  0.87576   0.708949  30898   0       
35    40   -1.4442 1.4442  5     102   5        0.875513  1         0.751027  45844   0       
40    45   -1.4442 1.4442  5     102   5        0.896365  1         0.79273   60062   0       
50    55   -1.4442 1.4442  5     102   5        0.817564  0.818108  0.81702   16199   0       
55    60   -1.4442 1.4442  5     102   5        0.823689  0.824256  0.823121  7643    0       
60    500  -1.4442 1.4442  5     102   5        0.840904  0.841422  0.840386  12688   0       
20    25   1.566   2.5     5     102   5        0.512996  0.513417  0.512575  4493    0       
35    40   1.566   2.5     5     102   5        0.667317  0.667356  0.667277  8738    0       
45    50   1.566   2.5     5     102   5        0.723142  0.72359   0.722694  3335    0       
60    500  1.566   2.5     5     102   5        0.753493  0.755274  0.751711  1026    0       
