# Output directory:  /export/scratch/tmp/gsf_gsf_mc_run_as_data_TuZdmE
#efficiency name: WP80
#dimension: 1
20  25   -2.5     -1.566  0  5    5  0.628995  0.62925   0.628739  254.271  0
25  30   -2.5     -1.566  0  5    5  0.60063   0.602042  0.599219  383.833  0
30  35   -2.5     -1.566  0  5    5  0.610573  0.61141   0.609736  458.278  0
35  40   -2.5     -1.566  0  5    5  0.73427   0.734593  0.733948  416.454  0
40  45   -2.5     -1.566  0  5    5  0.736043  0.736098  0.735989  324.075  0
45  50   -2.5     -1.566  0  5    5  0.717616  0.72      0.715232  150.999  0
50  55   -2.5     -1.566  0  5    5  0.739504  0.742925  0.736084  67.9261  0
55  60   -2.5     -1.566  0  5    5  0.874354  0.88567   0.863038  24.2871  0
60  500  -2.5     -1.566  0  5    5  0.646229  0.655971  0.636488  54.9836  0
20  25   -1.4442  1.4442  0  5    5  0.598441  0.598933  0.597949  498.372  0
25  30   -1.4442  1.4442  0  5    5  0.66181   0.66304   0.66058   1071.78  0
30  35   -1.4442  1.4442  0  5    5  0.701276  0.701456  0.701095  1745.38  0
35  40   -1.4442  1.4442  0  5    5  0.733166  0.733798  0.732533  2767.11  0
40  45   -1.4442  1.4442  0  5    5  0.778977  0.779224  0.778729  3621     0
50  55   -1.4442  1.4442  0  5    5  0.792163  0.793853  0.790474  911.494  0
55  60   -1.4442  1.4442  0  5    5  0.872985  0.875402  0.870568  377.062  0
60  500  -1.4442  1.4442  0  5    5  0.826386  0.829051  0.823721  727.999  0
20  25   1.566    2.5     0  5    5  0.619225  0.621094  0.617355  262.41   0
30  35   1.566    2.5     0  5    5  0.666868  0.667189  0.666548  521.093  0
35  40   1.566    2.5     0  5    5  0.687704  0.689859  0.685548  481.366  0
40  45   1.566    2.5     0  5    5  0.69892   0.699043  0.698798  328.021  0
45  50   1.566    2.5     0  5    5  0.713893  0.720779  0.707006  157      0
50  55   1.566    2.5     0  5    5  0.761878  0.767771  0.755985  63.4915  0
55  60   1.566    2.5     0  5    5  0.598682  0.601971  0.595393  40.0288  0
60  500  1.566    2.5     0  5    5  0.807548  0.808315  0.806782  55.919   0
20  25   -2.5     -1.566  5  102  5  0.604935  0.606089  0.603782  338.502  0
25  30   -2.5     -1.566  5  102  5  0.61784   0.618143  0.617538  512.208  0
30  35   -2.5     -1.566  5  102  5  0.626402  0.62668   0.626124  573.3    0
35  40   -2.5     -1.566  5  102  5  0.641228  0.641818  0.640638  572.262  0
40  45   -2.5     -1.566  5  102  5  0.730196  0.731824  0.728568  428.235  0
45  50   -2.5     -1.566  5  102  5  0.792693  0.793408  0.791979  178.904  0
50  55   -2.5     -1.566  5  102  5  0.73572   0.742216  0.729225  84.8823  0
55  60   -2.5     -1.566  5  102  5  0.763979  0.764678  0.763281  48.4319  0
60  500  -2.5     -1.566  5  102  5  0.78118   0.785042  0.777317  84.239   0
20  25   -1.4442  1.4442  5  102  5  0.574368  0.574834  0.573902  655.164  0
25  30   -1.4442  1.4442  5  102  5  0.67501   0.675038  0.674982  1300.66  0
30  35   -1.4442  1.4442  5  102  5  0.712541  0.712767  0.712316  2286.5   0
35  40   -1.4442  1.4442  5  102  5  0.747272  0.747931  0.746613  3394.17  0
40  45   -1.4442  1.4442  5  102  5  0.791282  0.791676  0.790889  4502     0
45  50   -1.4442  1.4442  5  102  5  0.819698  0.820162  0.819234  2830.69  0
50  55   -1.4442  1.4442  5  102  5  0.835617  0.83566   0.835574  1057.83  0
55  60   -1.4442  1.4442  5  102  5  0.835203  0.837646  0.83276   553.599  0
60  500  -1.4442  1.4442  5  102  5  0.818668  0.81912   0.818217  858.135  0
20  25   1.566    2.5     5  102  5  0.550137  0.550144  0.55013   370.811  0
25  30   1.566    2.5     5  102  5  0.66809   0.669032  0.667149  484.281  0
30  35   1.566    2.5     5  102  5  0.744922  0.745468  0.744376  527.489  0
35  40   1.566    2.5     5  102  5  0.72594   0.726274  0.725607  553.663  0
40  45   1.566    2.5     5  102  5  0.828929  0.831123  0.826736  388.274  0
45  50   1.566    2.5     5  102  5  0.639433  0.640239  0.638626  182      0
50  55   1.566    2.5     5  102  5  0.549461  0.558293  0.540629  80.6733  0
55  60   1.566    2.5     5  102  5  0.801607  0.812718  0.790497  40.7507  0
60  500  1.566    2.5     5  102  5  0.800436  0.808587  0.792285  75.1872  0
