# Output directory:  /export/scratch/tmp/gsf_gsf_mc_run_as_data_wkn0JQ
#efficiency name: WP80
#dimension: 1
20  25   -2.5     -1.566  0  5    5  0.539637  0.539724  0.53955   3474     0
25  30   -2.5     -1.566  0  5    5  0.579683  0.58      0.579365  4914     0
30  35   -2.5     -1.566  0  5    5  0.632038  0.632176  0.6319    6253     0
35  40   -2.5     -1.566  0  5    5  0.676396  0.676448  0.676344  6511     0
40  45   -2.5     -1.566  0  5    5  0.716893  0.716985  0.716802  5057     0
45  50   -2.5     -1.566  0  5    5  0.723638  0.723706  0.723571  2434     0
50  55   -2.5     -1.566  0  5    5  0.745502  0.746253  0.744751  934.999  0
55  60   -2.5     -1.566  0  5    5  0.752637  0.755274  0.75      501.999  0
60  500  -2.5     -1.566  0  5    5  0.797347  0.799397  0.795297  723.994  0
20  25   -1.4442  1.4442  0  5    5  0.5276    0.527682  0.527517  6706     0
25  30   -1.4442  1.4442  0  5    5  0.618498  0.618651  0.618346  14052    0
30  35   -1.4442  1.4442  0  5    5  0.683402  0.683574  0.68323   23668    0
35  40   -1.4442  1.4442  0  5    5  0.736279  0.736497  0.736061  35712    0
40  45   -1.4442  1.4442  0  5    5  0.785902  0.786128  0.785676  46526    0
45  50   -1.4442  1.4442  0  5    5  0.817298  0.817434  0.817162  31126    0
50  55   -1.4442  1.4442  0  5    5  0.816712  0.817461  0.815963  12008    0
55  60   -1.4442  1.4442  0  5    5  0.834017  0.83461   0.833423  5547     0
60  500  -1.4442  1.4442  0  5    5  0.847881  0.848848  0.846915  9326     0
20  25   1.566    2.5     0  5    5  0.548108  0.54834   0.547877  3415     0
25  30   1.566    2.5     0  5    5  0.595015  0.595205  0.594824  5062     0
30  35   1.566    2.5     0  5    5  0.654123  0.654498  0.653747  6220     0
35  40   1.566    2.5     0  5    5  0.680806  0.680939  0.680672  6545     0
40  45   1.566    2.5     0  5    5  0.717604  0.717959  0.717249  5206     0
45  50   1.566    2.5     0  5    5  0.74208   0.74314   0.74102   2255     0
50  55   1.566    2.5     0  5    5  0.73899   0.739308  0.738672  982.999  0
55  60   1.566    2.5     0  5    5  0.747244  0.748252  0.746237  464.996  0
60  500  1.566    2.5     0  5    5  0.746527  0.748596  0.744459  770.993  0
20  25   -2.5     -1.566  5  102  5  0.520302  0.520323  0.520281  4576     0
25  30   -2.5     -1.566  5  102  5  0.581924  0.581998  0.581849  6568     0
30  35   -2.5     -1.566  5  102  5  0.629379  0.62969   0.629068  8050     0
35  40   -2.5     -1.566  5  102  5  0.660436  0.660542  0.660331  8524     0
40  45   -2.5     -1.566  5  102  5  0.700176  0.70022   0.700133  6817     0
45  50   -2.5     -1.566  5  102  5  0.734989  0.73514   0.734837  3283     0
50  55   -2.5     -1.566  5  102  5  0.726123  0.727682  0.724564  1377     0
55  60   -2.5     -1.566  5  102  5  0.726868  0.72788   0.725857  643.998  0
60  500  -2.5     -1.566  5  102  5  0.754426  0.75504   0.753813  993.994  0
20  25   -1.4442  1.4442  5  102  5  0.591729  0.591884  0.591574  8688     0
25  30   -1.4442  1.4442  5  102  5  0.650617  0.650822  0.650412  17841    0
30  35   -1.4442  1.4442  5  102  5  0.708769  0.708949  0.70859   30898    0
35  40   -1.4442  1.4442  5  102  5  0.750813  0.751027  0.7506    45844    0
40  45   -1.4442  1.4442  5  102  5  0.792537  0.79273   0.792345  60062    0
45  50   -1.4442  1.4442  5  102  5  0.810058  0.810308  0.809808  41747    0
50  55   -1.4442  1.4442  5  102  5  0.817564  0.818108  0.81702   16199    0
55  60   -1.4442  1.4442  5  102  5  0.823689  0.824256  0.823121  7643     0
60  500  -1.4442  1.4442  5  102  5  0.840904  0.841422  0.840386  12688    0
20  25   1.566    2.5     5  102  5  0.512996  0.513417  0.512575  4493     0
25  30   1.566    2.5     5  102  5  0.58846   0.58913   0.58779   6471     0
30  35   1.566    2.5     5  102  5  0.646117  0.646212  0.646022  7944     0
35  40   1.566    2.5     5  102  5  0.667317  0.667356  0.667277  8738     0
40  45   1.566    2.5     5  102  5  0.701631  0.70178   0.701482  6912     0
45  50   1.566    2.5     5  102  5  0.723142  0.723589  0.722694  3335     0
50  55   1.566    2.5     5  102  5  0.726278  0.726475  0.72608   1297     0
55  60   1.566    2.5     5  102  5  0.753889  0.754777  0.753002  628.998  0
60  500  1.566    2.5     5  102  5  0.753493  0.755274  0.751711  1026     0
