# Output directory:  /export/scratch/tmp/gsf_gsf_mc_run_as_data_cm7czu
#efficiency name: WP80
#dimension: 1
20    25   -2.5    -1.566  0     5     5        0.630076  0.630358  0.629795  253.824 0       
25    30   -2.5    -1.566  0     5     5        0.596285  0.597704  0.594866  386.643 0       
30    35   -2.5    -1.566  0     5     5        0.614484  0.615468  0.6135    462.833 0       
35    40   -2.5    -1.566  0     5     5        0.729519  0.729856  0.729183  426.331 0       
40    45   -2.5    -1.566  0     5     5        0.742587  0.743105  0.74207   320.389 0       
55    60   -2.5    -1.566  0     5     5        0.867305  0.880462  0.854148  23.9002 0       
60    500  -2.5    -1.566  0     5     5        0.642515  0.655342  0.629688  55.5775 0       
20    25   -1.4442 1.4442  0     5     5        0.597157  0.597651  0.596664  499.443 0       
25    30   -1.4442 1.4442  0     5     5        0.660054  0.661291  0.658817  1074.65 0       
30    35   -1.4442 1.4442  0     5     5        0.702226  0.702439  0.702012  1752.67 0       
35    40   -1.4442 1.4442  0     5     5        0.73076   0.731421  0.730099  2776.34 0       
40    45   -1.4442 1.4442  0     5     5        0.778977  0.779224  0.778729  3621    0       
45    50   -1.4442 1.4442  0     5     5        0.799796  0.800434  0.799158  2259.88 0       
50    55   -1.4442 1.4442  0     5     5        0.792048  0.793673  0.790424  902.876 0       
55    60   -1.4442 1.4442  0     5     5        0.87362   0.876006  0.871234  378.526 0       
60    500  -1.4442 1.4442  0     5     5        0.826272  0.82899   0.823554  726.72  0       
25    30   1.566   2.5     0     5     5        0.621947  0.62315   0.620744  397.91  0       
30    35   1.566   2.5     0     5     5        0.662489  0.662796  0.662182  525.026 0       
40    45   1.566   2.5     0     5     5        0.699928  0.700085  0.69977   327.446 0       
45    50   1.566   2.5     0     5     5        0.725353  0.731837  0.718868  154.409 0       
50    55   1.566   2.5     0     5     5        0.783345  0.789446  0.777243  59.6622 0       
55    60   1.566   2.5     0     5     5        0.598423  0.601912  0.594934  40.0385 0       
60    500  1.566   2.5     0     5     5        0.809484  0.810467  0.808501  56.2425 0       
20    25   -2.5    -1.566  5     102   5        0.595594  0.596495  0.594693  339.457 0       
25    30   -2.5    -1.566  5     102   5        0.61564   0.615655  0.615624  514.274 0       
30    35   -2.5    -1.566  5     102   5        0.624476  0.624758  0.624195  576.69  0       
35    40   -2.5    -1.566  5     102   5        0.648736  0.649404  0.648069  576.643 0       
40    45   -2.5    -1.566  5     102   5        0.732765  0.734327  0.731203  426.698 0       
45    50   -2.5    -1.566  5     102   5        0.809011  0.809765  0.808257  173.372 0       
50    55   -2.5    -1.566  5     102   5        0.737948  0.743928  0.731968  84.247  0       
55    60   -2.5    -1.566  5     102   5        0.76031   0.76409   0.756531  48.3446 0       
60    500  -2.5    -1.566  5     102   5        0.778636  0.782116  0.775155  84.0339 0       
20    25   -1.4442 1.4442  5     102   5        0.572039  0.572533  0.571544  657.867 0       
25    30   -1.4442 1.4442  5     102   5        0.672597  0.67262   0.672574  1305.34 0       
30    35   -1.4442 1.4442  5     102   5        0.709351  0.709589  0.709113  2298.65 0       
35    40   -1.4442 1.4442  5     102   5        0.749377  0.750064  0.748689  3410.97 0       
40    45   -1.4442 1.4442  5     102   5        0.791282  0.791676  0.790888  4502    0       
50    55   -1.4442 1.4442  5     102   5        0.837143  0.837215  0.837071  1049.31 0       
55    60   -1.4442 1.4442  5     102   5        0.835361  0.837757  0.832965  551.027 0       
60    500  -1.4442 1.4442  5     102   5        0.818731  0.819166  0.818297  857.493 0       
20    25   1.566   2.5     5     102   5        0.547785  0.547808  0.547763  372.425 0       
30    35   1.566   2.5     5     102   5        0.740123  0.740705  0.73954   535.563 0       
35    40   1.566   2.5     5     102   5        0.715735  0.716167  0.715302  565.939 0       
40    45   1.566   2.5     5     102   5        0.823203  0.825431  0.820975  390.998 0       
45    50   1.566   2.5     5     102   5        0.648486  0.649422  0.647551  178.663 0       
50    55   1.566   2.5     5     102   5        0.598966  0.607041  0.59089   78.499  0       
60    500  1.566   2.5     5     102   5        0.801404  0.810104  0.792704  75.1287 0       
