#efficiency name: WP80
#dimension: 1
#XMin XMax EtaMin  EtaMax  PUMin PUMax NumParms eff      systp    systm    den    phistar
100   500  -1.4442 1.4442  0     5     5        0.986304 0.986425 0.986183 904     0
100   500  -1.4442 1.4442  11    102   5        0.989268 0.991609 0.986928 155     0
100   500  -1.4442 1.4442  5     11    5        0.994151 0.994838 0.993464 793     0
100   500  1.566   2.5     0     5     5        0.974437 0.978723 0.970151 47      0
100   500  1.566   2.5     11    102   5        1        1        1        9       0
100   500  1.566   2.5     5     11    5        1        1        1        33      0
100   500  -2.5    -1.566  0     5     5        0.985966 0.991921 0.98001  51.9834 0
100   500  -2.5    -1.566  11    102   5        0.564706 0.6      0.529412 5       0
100   500  -2.5    -1.566  5     11    5        1        1        1        50      0
20    20.5 -1.4442 1.4442  0     5     5        0.73933  0.746218 0.732441 354     0
20    20.5 -1.4442 1.4442  11    102   5        0.2959   0.30919  0.282609 55      0
20    20.5 -1.4442 1.4442  5     11    5        0.564295 0.574373 0.554217 320     0
20    20.5 1.566   2.5     0     5     5        0.736024 0.740113 0.731935 177     0
20    20.5 1.566   2.5     11    102   5        0.411537 0.423073 0.4      25      0
20    20.5 1.566   2.5     5     11    5        0.54894  0.574257 0.523623 101     0
20    20.5 -2.5    -1.566  0     5     5        0.748884 0.765625 0.732143 168     0
20    20.5 -2.5    -1.566  11    102   5        0.257499 0.287223 0.227776 21.7749 0
20    20.5 -2.5    -1.566  5     11    5        0.53897  0.544106 0.533835 133     0
20.5  21   -1.4442 1.4442  0     5     5        0.77318  0.782864 0.763496 462     0
20.5  21   -1.4442 1.4442  11    102   5        0.300635 0.307692 0.293578 95      0
20.5  21   -1.4442 1.4442  5     11    5        0.627088 0.632638 0.621538 395     0
20.5  21   1.566   2.5     0     5     5        0.744179 0.761468 0.726891 218     0
20.5  21   1.566   2.5     11    102   5        0.315273 0.344831 0.285714 14      0
20.5  21   1.566   2.5     5     11    5        0.650746 0.677249 0.624242 165     0
20.5  21   -2.5    -1.566  0     5     5        0.753449 0.759658 0.747241 225.922 0
20.5  21   -2.5    -1.566  11    102   5        0.32268  0.337668 0.307692 26      0
20.5  21   -2.5    -1.566  5     11    5        0.573141 0.597895 0.548387 156     0
21    21.5 -1.4442 1.4442  0     5     5        0.792849 0.804241 0.781457 531     0
21    21.5 -1.4442 1.4442  11    102   5        0.380549 0.3875   0.373598 92      0
21    21.5 -1.4442 1.4442  5     11    5        0.609651 0.614704 0.604598 501     0
21    21.5 1.566   2.5     0     5     5        0.734402 0.736661 0.732143 224     0
21    21.5 1.566   2.5     11    102   5        0.314814 0.333332 0.296296 27      0
21    21.5 1.566   2.5     5     11    5        0.588794 0.589888 0.5877   178     0
21    21.5 -2.5    -1.566  0     5     5        0.763711 0.772401 0.75502  249     0
21    21.5 -2.5    -1.566  11    102   5        0.288094 0.309522 0.266667 30      0
21    21.5 -2.5    -1.566  5     11    5        0.522807 0.524109 0.521505 186     0
21.5  22   -1.4442 1.4442  0     5     5        0.804416 0.815151 0.79368  642     0
21.5  22   -1.4442 1.4442  11    102   5        0.33015  0.338462 0.321839 102     0
21.5  22   -1.4442 1.4442  5     11    5        0.644516 0.649497 0.639535 502     0
21.5  22   1.566   2.5     0     5     5        0.829212 0.852101 0.806324 253     0
21.5  22   1.566   2.5     11    102   5        0.360183 0.389161 0.331204 32.9783 0
21.5  22   1.566   2.5     5     11    5        0.636579 0.638298 0.63486  188     0
21.5  22   -2.5    -1.566  0     5     5        0.778503 0.780392 0.776614 255     0
21.5  22   -2.5    -1.566  11    102   5        0.489737 0.539474 0.44     25      0
21.5  22   -2.5    -1.566  5     11    5        0.52742  0.529125 0.525714 175     0
22    22.5 -1.4442 1.4442  0     5     5        0.839122 0.84333  0.834915 630     0
22    22.5 -1.4442 1.4442  11    102   5        0.36093  0.361912 0.359949 115.781 0
22    22.5 -1.4442 1.4442  5     11    5        0.648119 0.654447 0.641791 558     0
22    22.5 1.566   2.5     0     5     5        0.774625 0.776341 0.772908 251     0
22    22.5 1.566   2.5     11    102   5        0.280539 0.293163 0.267915 26.9271 0
22    22.5 1.566   2.5     5     11    5        0.623682 0.632391 0.614973 187     0
22    22.5 -2.5    -1.566  0     5     5        0.811176 0.817755 0.804598 261     0
22    22.5 -2.5    -1.566  11    102   5        0.286992 0.309278 0.264706 34      0
22    22.5 -2.5    -1.566  5     11    5        0.608682 0.620087 0.597276 230     0
22.5  23   -1.4442 1.4442  0     5     5        0.828246 0.836423 0.820069 693     0
22.5  23   -1.4442 1.4442  11    102   5        0.373171 0.38427  0.362072 109.638 0
22.5  23   -1.4442 1.4442  5     11    5        0.669073 0.67087  0.667276 639     0
22.5  23   1.566   2.5     0     5     5        0.77518  0.784403 0.765957 282     0
22.5  23   1.566   2.5     11    102   5        0.424497 0.448995 0.4      35      0
22.5  23   1.566   2.5     5     11    5        0.564482 0.569892 0.559071 186     0
22.5  23   -2.5    -1.566  0     5     5        0.772833 0.772939 0.772727 286     0
22.5  23   -2.5    -1.566  11    102   5        0.376726 0.382022 0.371429 35      0
22.5  23   -2.5    -1.566  5     11    5        0.572144 0.57825  0.566038 212     0
23    23.5 -1.4442 1.4442  0     5     5        0.818092 0.824455 0.811728 773     0
23    23.5 -1.4442 1.4442  11    102   5        0.491791 0.504949 0.478632 129     0
23    23.5 -1.4442 1.4442  5     11    5        0.64341  0.653487 0.633333 703     0
23    23.5 1.566   2.5     0     5     5        0.816448 0.81843  0.814465 319     0
23    23.5 1.566   2.5     11    102   5        0.346701 0.43451  0.258892 33.6475 0
23    23.5 1.566   2.5     5     11    5        0.585296 0.592117 0.578475 223     0
23    23.5 -2.5    -1.566  0     5     5        0.820635 0.823088 0.818182 286     0
23    23.5 -2.5    -1.566  11    102   5        0.446126 0.487997 0.404255 47      0
23    23.5 -2.5    -1.566  5     11    5        0.573149 0.57749  0.568807 218     0
23.5  24   -1.4442 1.4442  0     5     5        0.848727 0.855973 0.841481 810     0
23.5  24   -1.4442 1.4442  11    102   5        0.405179 0.411862 0.398496 154     0
23.5  24   -1.4442 1.4442  5     11    5        0.685994 0.6937   0.678288 726     0
23.5  24   1.566   2.5     0     5     5        0.754829 0.754955 0.754704 327     0
23.5  24   1.566   2.5     11    102   5        0.416419 0.424242 0.408596 33      0
23.5  24   1.566   2.5     5     11    5        0.561078 0.568649 0.553506 213.971 0
23.5  24   -2.5    -1.566  0     5     5        0.786287 0.788968 0.783607 306     0
23.5  24   -2.5    -1.566  11    102   5        0.191007 0.311054 0.070960 37      0
23.5  24   -2.5    -1.566  5     11    5        0.582742 0.589372 0.576113 207     0
24    24.5 -1.4442 1.4442  0     5     5        0.841734 0.849907 0.833561 858     0
24    24.5 -1.4442 1.4442  11    102   5        0.446931 0.447205 0.446657 179     0
24    24.5 -1.4442 1.4442  5     11    5        0.71295  0.722753 0.703146 830     0
24    24.5 1.566   2.5     0     5     5        0.836303 0.851852 0.820755 318     0
24    24.5 1.566   2.5     11    102   5        0.34191  0.379976 0.303843 38.8605 0
24    24.5 1.566   2.5     5     11    5        0.634084 0.649746 0.618421 228     0
24    24.5 -2.5    -1.566  0     5     5        0.798358 0.801105 0.795612 362     0
24    24.5 -2.5    -1.566  11    102   5        0.325002 0.333333 0.31667  42      0
24    24.5 -2.5    -1.566  5     11    5        0.529592 0.530696 0.528489 255.952 0
24.5  25   -1.4442 1.4442  0     5     5        0.853745 0.857372 0.850117 985     0
24.5  25   -1.4442 1.4442  11    102   5        0.508669 0.512346 0.504993 181     0
24.5  25   -1.4442 1.4442  5     11    5        0.682367 0.684427 0.680307 896     0
24.5  25   1.566   2.5     0     5     5        0.785572 0.785714 0.78543  308     0
24.5  25   1.566   2.5     11    102   5        0.330769 0.350428 0.311111 45      0
24.5  25   1.566   2.5     5     11    5        0.626179 0.632302 0.620055 291     0
24.5  25   -2.5    -1.566  0     5     5        0.806553 0.81713  0.795977 348     0
24.5  25   -2.5    -1.566  11    102   5        0.378088 0.387755 0.368421 49      0
24.5  25   -2.5    -1.566  5     11    5        0.640736 0.653266 0.628205 234     0
25    25.5 -1.4442 1.4442  0     5     5        0.87139  0.877141 0.865639 1049    0
25    25.5 -1.4442 1.4442  11    102   5        0.54063  0.541787 0.539474 174     0
25    25.5 -1.4442 1.4442  5     11    5        0.7144   0.719122 0.709677 990     0
25    25.5 1.566   2.5     0     5     5        0.794137 0.795527 0.792747 313     0
25    25.5 1.566   2.5     11    102   5        0.314286 0.333333 0.295238 39      0
25    25.5 1.566   2.5     5     11    5        0.667232 0.679442 0.655022 229     0
25    25.5 -2.5    -1.566  0     5     5        0.792793 0.795829 0.789757 371     0
25    25.5 -2.5    -1.566  11    102   5        0.470819 0.484848 0.45679  33      0
25    25.5 -2.5    -1.566  5     11    5        0.579078 0.594156 0.564    251     0
25.5  26   -1.4442 1.4442  0     5     5        0.865485 0.870905 0.860065 1066    0
25.5  26   -1.4442 1.4442  11    102   5        0.446619 0.449451 0.443787 188     0
25.5  26   -1.4442 1.4442  5     11    5        0.707122 0.714683 0.699561 1010    0
25.5  26   1.566   2.5     0     5     5        0.832528 0.838284 0.826772 382     0
25.5  26   1.566   2.5     11    102   5        0.458281 0.476563 0.44     50      0
25.5  26   1.566   2.5     5     11    5        0.623959 0.632272 0.615646 294     0
25.5  26   -2.5    -1.566  0     5     5        0.808804 0.815884 0.801724 348     0
25.5  26   -2.5    -1.566  11    102   5        0.387627 0.388889 0.386364 54      0
25.5  26   -2.5    -1.566  5     11    5        0.61989  0.62466  0.61512  292     0
26    26.5 -1.4442 1.4442  0     5     5        0.873363 0.881417 0.86531  1169    0
26    26.5 -1.4442 1.4442  11    102   5        0.509311 0.515016 0.503605 217.993 0
26    26.5 -1.4442 1.4442  5     11    5        0.748075 0.757982 0.738167 1111    0
26    26.5 1.566   2.5     0     5     5        0.816609 0.820253 0.812965 395     0
26    26.5 1.566   2.5     11    102   5        0.399879 0.414422 0.385336 57.7872 0
26    26.5 1.566   2.5     5     11    5        0.639276 0.649462 0.629091 275     0
26    26.5 -2.5    -1.566  0     5     5        0.804141 0.812139 0.796143 363     0
26    26.5 -2.5    -1.566  11    102   5        0.424318 0.470588 0.378049 34      0
26    26.5 -2.5    -1.566  5     11    5        0.619136 0.620988 0.617284 324     0
26.5  27   -1.4442 1.4442  0     5     5        0.86941  0.872037 0.866784 1258    0
26.5  27   -1.4442 1.4442  11    102   5        0.538426 0.550104 0.526749 258     0
26.5  27   -1.4442 1.4442  5     11    5        0.737083 0.741284 0.732883 1151    0
26.5  27   1.566   2.5     0     5     5        0.863496 0.866472 0.86052  423     0
26.5  27   1.566   2.5     11    102   5        0.425657 0.432836 0.418478 67      0
26.5  27   1.566   2.5     5     11    5        0.629494 0.630527 0.628462 323     0
26.5  27   -2.5    -1.566  0     5     5        0.811512 0.817919 0.805105 346     0
26.5  27   -2.5    -1.566  11    102   5        0.38214  0.395349 0.368932 43      0
26.5  27   -2.5    -1.566  5     11    5        0.624281 0.632075 0.616487 318     0
27    27.5 -1.4442 1.4442  0     5     5        0.890342 0.899232 0.881452 1363    0
27    27.5 -1.4442 1.4442  11    102   5        0.573108 0.573529 0.572687 240     0
27    27.5 -1.4442 1.4442  5     11    5        0.753023 0.756482 0.749564 1266    0
27    27.5 1.566   2.5     0     5     5        0.822776 0.82851  0.817043 399     0
27    27.5 1.566   2.5     11    102   5        0.238265 0.295803 0.180728 55.8022 0
27    27.5 1.566   2.5     5     11    5        0.655414 0.675607 0.63522  318     0
27    27.5 -2.5    -1.566  0     5     5        0.84755  0.856499 0.838602 409     0
27    27.5 -2.5    -1.566  11    102   5        0.558162 0.572464 0.54386  57      0
27    27.5 -2.5    -1.566  5     11    5        0.681217 0.695767 0.666667 321     0
27.5  28   -1.4442 1.4442  0     5     5        0.88795  0.891284 0.884615 1409    0
27.5  28   -1.4442 1.4442  11    102   5        0.570441 0.574468 0.566414 250     0
27.5  28   -1.4442 1.4442  5     11    5        0.772264 0.77745  0.767078 1301    0
27.5  28   1.566   2.5     0     5     5        0.876413 0.880734 0.872093 430     0
27.5  28   1.566   2.5     11    102   5        0.463698 0.487395 0.44     50      0
27.5  28   1.566   2.5     5     11    5        0.712871 0.724292 0.701449 345     0
27.5  28   -2.5    -1.566  0     5     5        0.841751 0.84323  0.840272 421     0
27.5  28   -2.5    -1.566  11    102   5        0.455858 0.457031 0.454686 59      0
27.5  28   -2.5    -1.566  5     11    5        0.596425 0.618702 0.574148 326     0
28    28.5 -1.4442 1.4442  0     5     5        0.891992 0.896937 0.887048 1433    0
28    28.5 -1.4442 1.4442  11    102   5        0.567933 0.57092  0.564945 266.669 0
28    28.5 -1.4442 1.4442  5     11    5        0.768005 0.769951 0.766059 1359    0
28    28.5 1.566   2.5     0     5     5        0.869418 0.871795 0.867041 429     0
28    28.5 1.566   2.5     11    102   5        0.32208  0.340326 0.303834 46.3367 0
28    28.5 1.566   2.5     5     11    5        0.645033 0.655786 0.63428  337     0
28    28.5 -2.5    -1.566  0     5     5        0.822302 0.823144 0.821461 458     0
28    28.5 -2.5    -1.566  11    102   5        0.470298 0.482759 0.457838 58      0
28    28.5 -2.5    -1.566  5     11    5        0.676734 0.687166 0.666303 374     0
28.5  29   -1.4442 1.4442  0     5     5        0.880426 0.883543 0.877309 1605    0
28.5  29   -1.4442 1.4442  11    102   5        0.586964 0.592847 0.581081 306     0
28.5  29   -1.4442 1.4442  5     11    5        0.770595 0.774714 0.766476 1481    0
28.5  29   1.566   2.5     0     5     5        0.83477  0.838269 0.831272 439     0
28.5  29   1.566   2.5     11    102   5        0.592004 0.628141 0.555866 53.9698 0
28.5  29   1.566   2.5     5     11    5        0.653367 0.656883 0.649852 337     0
28.5  29   -2.5    -1.566  0     5     5        0.834709 0.843915 0.825503 447     0
28.5  29   -2.5    -1.566  11    102   5        0.604457 0.61875  0.590164 61      0
28.5  29   -2.5    -1.566  5     11    5        0.640452 0.643301 0.637602 367     0
29    29.5 -1.4442 1.4442  0     5     5        0.907073 0.913262 0.900884 1671    0
29    29.5 -1.4442 1.4442  11    102   5        0.620982 0.623287 0.618677 272     0
29    29.5 -1.4442 1.4442  5     11    5        0.795715 0.799518 0.791911 1597    0
29    29.5 1.566   2.5     0     5     5        0.845601 0.84973  0.841472 486.694 0
29    29.5 1.566   2.5     11    102   5        0.444628 0.483736 0.405519 64      0
29    29.5 1.566   2.5     5     11    5        0.668471 0.681294 0.655647 364     0
29    29.5 -2.5    -1.566  0     5     5        0.837352 0.840634 0.834071 452     0
29    29.5 -2.5    -1.566  11    102   5        0.569597 0.59374  0.545455 66      0
29    29.5 -2.5    -1.566  5     11    5        0.646556 0.662349 0.630764 386     0
29.5  30   -1.4442 1.4442  0     5     5        0.904975 0.906431 0.903519 1718    0
29.5  30   -1.4442 1.4442  11    102   5        0.612504 0.61811  0.606898 310.496 0
29.5  30   -1.4442 1.4442  5     11    5        0.794311 0.799148 0.789474 1615    0
29.5  30   1.566   2.5     0     5     5        0.836164 0.841187 0.83114  456     0
29.5  30   1.566   2.5     11    102   5        0.477721 0.506166 0.449275 69      0
29.5  30   1.566   2.5     5     11    5        0.70542  0.706773 0.704068 366     0
29.5  30   -2.5    -1.566  0     5     5        0.869003 0.880863 0.857143 427     0
29.5  30   -2.5    -1.566  11    102   5        0.626234 0.638181 0.614286 70      0
29.5  30   -2.5    -1.566  5     11    5        0.675273 0.67882  0.671726 401.949 0
30    30.5 -1.4442 1.4442  0     5     5        0.915894 0.917534 0.914253 1833    0
30    30.5 -1.4442 1.4442  11    102   5        0.652205 0.658068 0.646341 336     0
30    30.5 -1.4442 1.4442  5     11    5        0.812866 0.815314 0.810418 1689    0
30    30.5 1.566   2.5     0     5     5        0.898011 0.898319 0.897704 479     0
30    30.5 1.566   2.5     11    102   5        0.47708  0.480441 0.473719 52.7739 0
30    30.5 1.566   2.5     5     11    5        0.69442  0.696532 0.692308 390     0
30    30.5 -2.5    -1.566  0     5     5        0.862683 0.869098 0.856267 450.558 0
30    30.5 -2.5    -1.566  11    102   5        0.468849 0.472909 0.464789 71      0
30    30.5 -2.5    -1.566  5     11    5        0.64135  0.652427 0.630272 389.829 0
30.5  31   -1.4442 1.4442  0     5     5        0.922445 0.924015 0.920875 1987    0
30.5  31   -1.4442 1.4442  11    102   5        0.627321 0.634002 0.62064  355.858 0
30.5  31   -1.4442 1.4442  5     11    5        0.816047 0.817752 0.814341 1846    0
30.5  31   1.566   2.5     0     5     5        0.861751 0.865385 0.858118 524     0
30.5  31   1.566   2.5     11    102   5        0.5512   0.554454 0.547945 73      0
30.5  31   1.566   2.5     5     11    5        0.656963 0.669704 0.644222 440     0
30.5  31   -2.5    -1.566  0     5     5        0.886108 0.892009 0.880207 491.263 0
30.5  31   -2.5    -1.566  11    102   5        0.420782 0.421875 0.419689 65      0
30.5  31   -2.5    -1.566  5     11    5        0.633789 0.644628 0.622951 363     0
31    31.5 -1.4442 1.4442  0     5     5        0.921628 0.924105 0.919151 2035    0
31    31.5 -1.4442 1.4442  11    102   5        0.651869 0.65668  0.647059 381     0
31    31.5 -1.4442 1.4442  5     11    5        0.808002 0.811324 0.804681 1889.94 0
31    31.5 1.566   2.5     0     5     5        0.845268 0.85041  0.840127 489     0
31    31.5 1.566   2.5     11    102   5        0.589158 0.603604 0.574713 87      0
31    31.5 1.566   2.5     5     11    5        0.740796 0.748713 0.732879 409.781 0
31    31.5 -2.5    -1.566  0     5     5        0.873211 0.881983 0.86444  509     0
31    31.5 -2.5    -1.566  11    102   5        0.523608 0.528197 0.51902  68      0
31    31.5 -2.5    -1.566  5     11    5        0.724138 0.726563 0.721713 384     0
31.5  32   -1.4442 1.4442  0     5     5        0.933847 0.935435 0.93226  2157    0
31.5  32   -1.4442 1.4442  11    102   5        0.658178 0.661093 0.655263 386     0
31.5  32   -1.4442 1.4442  5     11    5        0.83573  0.837099 0.834361 1942    0
31.5  32   1.566   2.5     0     5     5        0.843852 0.847402 0.840301 508.148 0
31.5  32   1.566   2.5     11    102   5        0.393479 0.415472 0.371486 83.9256 0
31.5  32   1.566   2.5     5     11    5        0.725408 0.735725 0.715091 470     0
31.5  32   -2.5    -1.566  0     5     5        0.86342  0.866474 0.860366 494.757 0
31.5  32   -2.5    -1.566  11    102   5        0.416234 0.417722 0.414747 79      0
31.5  32   -2.5    -1.566  5     11    5        0.724641 0.734318 0.714964 421     0
32    32.5 -1.4442 1.4442  0     5     5        0.926362 0.928622 0.924101 2287    0
32    32.5 -1.4442 1.4442  11    102   5        0.68888  0.6913   0.686461 424     0
32    32.5 -1.4442 1.4442  5     11    5        0.83196  0.833994 0.829925 2039    0
32    32.5 1.566   2.5     0     5     5        0.881465 0.883015 0.879915 532.932 0
32    32.5 1.566   2.5     11    102   5        0.482855 0.490099 0.47561  82      0
32    32.5 1.566   2.5     5     11    5        0.697463 0.698981 0.695946 444     0
32    32.5 -2.5    -1.566  0     5     5        0.886544 0.886574 0.886513 520.999 0
32    32.5 -2.5    -1.566  11    102   5        0.530996 0.538462 0.52353  65      0
32    32.5 -2.5    -1.566  5     11    5        0.710739 0.727034 0.694444 432     0
32.5  33   -1.4442 1.4442  0     5     5        0.927644 0.929    0.926288 2424.78 0
32.5  33   -1.4442 1.4442  11    102   5        0.662528 0.663221 0.661836 418     0
32.5  33   -1.4442 1.4442  5     11    5        0.843025 0.846437 0.839614 2198    0
32.5  33   1.566   2.5     0     5     5        0.881194 0.887145 0.875244 513     0
32.5  33   1.566   2.5     11    102   5        0.670323 0.675676 0.66497  74      0
32.5  33   1.566   2.5     5     11    5        0.771435 0.77517  0.7677   409.97  0
32.5  33   -2.5    -1.566  0     5     5        0.866739 0.8731   0.860377 530     0
32.5  33   -2.5    -1.566  11    102   5        0.633367 0.648756 0.617978 89      0
32.5  33   -2.5    -1.566  5     11    5        0.699929 0.706546 0.693311 444     0
33    33.5 -1.4442 1.4442  0     5     5        0.932799 0.935118 0.930479 2381    0
33    33.5 -1.4442 1.4442  11    102   5        0.673232 0.675174 0.671289 435     0
33    33.5 -1.4442 1.4442  5     11    5        0.844966 0.8454   0.844532 2370    0
33    33.5 1.566   2.5     0     5     5        0.926075 0.92923  0.922921 493     0
33    33.5 1.566   2.5     11    102   5        0.575472 0.584416 0.566528 77      0
33    33.5 1.566   2.5     5     11    5        0.712838 0.715892 0.709784 452.582 0
33    33.5 -2.5    -1.566  0     5     5        0.86818  0.877013 0.859346 518.999 0
33    33.5 -2.5    -1.566  11    102   5        0.547982 0.555799 0.540164 73.8365 0
33    33.5 -2.5    -1.566  5     11    5        0.688744 0.70352  0.673968 483     0
33.5  34   -1.4442 1.4442  0     5     5        0.934954 0.936837 0.933071 2574.86 0
33.5  34   -1.4442 1.4442  11    102   5        0.655285 0.662577 0.647993 481.004 0
33.5  34   -1.4442 1.4442  5     11    5        0.858145 0.86023  0.856061 2399    0
33.5  34   1.566   2.5     0     5     5        0.890868 0.891026 0.89071  549     0
33.5  34   1.566   2.5     11    102   5        0.553644 0.55914  0.548148 93      0
33.5  34   1.566   2.5     5     11    5        0.746145 0.755328 0.736961 442     0
33.5  34   -2.5    -1.566  0     5     5        0.899265 0.900348 0.898182 550     0
33.5  34   -2.5    -1.566  11    102   5        0.563068 0.579989 0.546147 66.918  0
33.5  34   -2.5    -1.566  5     11    5        0.695034 0.701769 0.6883   510     0
34    34.5 -1.4442 1.4442  0     5     5        0.944355 0.945917 0.942793 2682    0
34    34.5 -1.4442 1.4442  11    102   5        0.723964 0.724435 0.723493 482     0
34    34.5 -1.4442 1.4442  5     11    5        0.858645 0.859676 0.857613 2442    0
34    34.5 1.566   2.5     0     5     5        0.866266 0.874302 0.85823  583     0
34    34.5 1.566   2.5     11    102   5        0.586057 0.588097 0.584018 85      0
34    34.5 1.566   2.5     5     11    5        0.752532 0.752723 0.752341 459.898 0
34    34.5 -2.5    -1.566  0     5     5        0.905079 0.912482 0.897677 573.703 0
34    34.5 -2.5    -1.566  11    102   5        0.707713 0.709544 0.705882 85      0
34    34.5 -2.5    -1.566  5     11    5        0.701387 0.709251 0.693522 455     0
34.5  35   -1.4442 1.4442  0     5     5        0.937952 0.938876 0.937028 2798    0
34.5  35   -1.4442 1.4442  11    102   5        0.71923  0.72283  0.715631 533     0
34.5  35   -1.4442 1.4442  5     11    5        0.866304 0.867403 0.865205 2556    0
34.5  35   1.566   2.5     0     5     5        0.886787 0.889597 0.883978 543     0
34.5  35   1.566   2.5     11    102   5        0.499088 0.506391 0.491786 76.9847 0
34.5  35   1.566   2.5     5     11    5        0.760666 0.764519 0.756813 477     0
34.5  35   -2.5    -1.566  0     5     5        0.869379 0.871746 0.867012 580     0
34.5  35   -2.5    -1.566  11    102   5        0.538436 0.546872 0.53     100     0
34.5  35   -2.5    -1.566  5     11    5        0.702474 0.708    0.696947 500     0
35    35.5 -1.4442 1.4442  0     5     5        0.953666 0.954234 0.953099 3002    0
35    35.5 -1.4442 1.4442  11    102   5        0.718263 0.718857 0.717668 550     0
35    35.5 -1.4442 1.4442  5     11    5        0.877472 0.878526 0.876417 2654    0
35    35.5 1.566   2.5     0     5     5        0.886828 0.887165 0.88649  579.75  0
35    35.5 1.566   2.5     11    102   5        0.586237 0.594697 0.577778 90      0
35    35.5 1.566   2.5     5     11    5        0.738874 0.743852 0.733895 488     0
35    35.5 -2.5    -1.566  0     5     5        0.8882   0.895965 0.880435 553     0
35    35.5 -2.5    -1.566  11    102   5        0.514679 0.539562 0.489796 98      0
35    35.5 -2.5    -1.566  5     11    5        0.749433 0.751304 0.747562 450.884 0
35.5  36   -1.4442 1.4442  0     5     5        0.950428 0.951207 0.94965  3017    0
35.5  36   -1.4442 1.4442  11    102   5        0.773954 0.775832 0.772075 574     0
35.5  36   -1.4442 1.4442  5     11    5        0.879822 0.879838 0.879806 2897    0
35.5  36   1.566   2.5     0     5     5        0.893043 0.896774 0.889312 558     0
35.5  36   1.566   2.5     11    102   5        0.630201 0.650646 0.609756 82      0
35.5  36   1.566   2.5     5     11    5        0.766534 0.776259 0.756809 514     0
35.5  36   -2.5    -1.566  0     5     5        0.859878 0.860107 0.859649 570     0
35.5  36   -2.5    -1.566  11    102   5        0.478572 0.5      0.457143 86      0
35.5  36   -2.5    -1.566  5     11    5        0.744094 0.748964 0.739224 464     0
36    36.5 -1.4442 1.4442  0     5     5        0.940241 0.940299 0.940183 3225    0
36    36.5 -1.4442 1.4442  11    102   5        0.719783 0.719832 0.719735 603     0
36    36.5 -1.4442 1.4442  5     11    5        0.888721 0.889142 0.8883   3026    0
36    36.5 1.566   2.5     0     5     5        0.916899 0.917989 0.915808 582     0
36    36.5 1.566   2.5     11    102   5        0.502676 0.518987 0.486366 79      0
36    36.5 1.566   2.5     5     11    5        0.767214 0.772152 0.762275 542.909 0
36    36.5 -2.5    -1.566  0     5     5        0.888536 0.889432 0.88764  624     0
36    36.5 -2.5    -1.566  11    102   5        0.562027 0.622691 0.501363 80      0
36    36.5 -2.5    -1.566  5     11    5        0.728556 0.737391 0.719721 575     0
36.5  37   -1.4442 1.4442  0     5     5        0.952595 0.95304  0.95215  3316    0
36.5  37   -1.4442 1.4442  11    102   5        0.779837 0.780039 0.779635 660     0
36.5  37   -1.4442 1.4442  5     11    5        0.894691 0.895831 0.893551 3254    0
36.5  37   1.566   2.5     0     5     5        0.894849 0.898137 0.891561 578.519 0
36.5  37   1.566   2.5     11    102   5        0.606754 0.614192 0.599317 91      0
36.5  37   1.566   2.5     5     11    5        0.748846 0.750177 0.747515 503     0
36.5  37   -2.5    -1.566  0     5     5        0.889904 0.890304 0.889504 605.956 0
36.5  37   -2.5    -1.566  11    102   5        0.649999 0.657892 0.642105 95      0
36.5  37   -2.5    -1.566  5     11    5        0.761759 0.770751 0.752768 506     0
37    37.5 -1.4442 1.4442  0     5     5        0.958788 0.958835 0.958742 3478    0
37    37.5 -1.4442 1.4442  11    102   5        0.76207  0.762951 0.761189 638     0
37    37.5 -1.4442 1.4442  5     11    5        0.880231 0.880424 0.880038 3192    0
37    37.5 1.566   2.5     0     5     5        0.910466 0.910959 0.909974 584     0
37    37.5 1.566   2.5     11    102   5        0.60657  0.61314  0.6      100     0
37    37.5 1.566   2.5     5     11    5        0.770806 0.775898 0.765714 525     0
37    37.5 -2.5    -1.566  0     5     5        0.923585 0.92417  0.922999 606.83  0
37    37.5 -2.5    -1.566  11    102   5        0.624575 0.629103 0.620047 99.8303 0
37    37.5 -2.5    -1.566  5     11    5        0.74604  0.746479 0.745601 497     0
37.5  38   -1.4442 1.4442  0     5     5        0.958547 0.959248 0.957847 3514    0
37.5  38   -1.4442 1.4442  11    102   5        0.781027 0.78217  0.779883 688     0
37.5  38   -1.4442 1.4442  5     11    5        0.900258 0.901242 0.899274 3319    0
37.5  38   1.566   2.5     0     5     5        0.88957  0.890845 0.888294 568     0
37.5  38   1.566   2.5     11    102   5        0.654922 0.674157 0.635687 89      0
37.5  38   1.566   2.5     5     11    5        0.727402 0.738295 0.716509 475.784 0
37.5  38   -2.5    -1.566  0     5     5        0.919262 0.921492 0.917032 566.576 0
37.5  38   -2.5    -1.566  11    102   5        0.659714 0.695737 0.62369  92.9065 0
37.5  38   -2.5    -1.566  5     11    5        0.775183 0.775348 0.775018 503     0
38    38.5 -1.4442 1.4442  0     5     5        0.962784 0.9629   0.962668 3655    0
38    38.5 -1.4442 1.4442  11    102   5        0.793543 0.795129 0.791956 699     0
38    38.5 -1.4442 1.4442  5     11    5        0.883415 0.883564 0.883266 3488    0
38    38.5 1.566   2.5     0     5     5        0.909572 0.910839 0.908305 572     0
38    38.5 1.566   2.5     11    102   5        0.671716 0.679897 0.663536 115.975 0
38    38.5 1.566   2.5     5     11    5        0.788416 0.795455 0.781377 494     0
38    38.5 -2.5    -1.566  0     5     5        0.90922  0.911734 0.906705 523.875 0
38    38.5 -2.5    -1.566  11    102   5        0.589777 0.612069 0.567485 116     0
38    38.5 -2.5    -1.566  5     11    5        0.781408 0.787623 0.775194 516     0
38.5  39   -1.4442 1.4442  0     5     5        0.965969 0.966439 0.965499 3890    0
38.5  39   -1.4442 1.4442  11    102   5        0.77235  0.774112 0.770588 788     0
38.5  39   -1.4442 1.4442  5     11    5        0.899073 0.899185 0.89896  3753    0
38.5  39   1.566   2.5     0     5     5        0.897326 0.900722 0.89393  554     0
38.5  39   1.566   2.5     11    102   5        0.678476 0.684211 0.672741 95      0
38.5  39   1.566   2.5     5     11    5        0.769533 0.780187 0.758878 536     0
38.5  39   -2.5    -1.566  0     5     5        0.880032 0.883459 0.876605 534     0
38.5  39   -2.5    -1.566  11    102   5        0.583096 0.587629 0.578564 97      0
38.5  39   -2.5    -1.566  5     11    5        0.741695 0.749091 0.7343   551     0
39    39.5 -1.4442 1.4442  0     5     5        0.962125 0.962466 0.961785 4065    0
39    39.5 -1.4442 1.4442  11    102   5        0.789147 0.790604 0.78769  746     0
39    39.5 -1.4442 1.4442  5     11    5        0.909569 0.909808 0.909331 3796    0
39    39.5 1.566   2.5     0     5     5        0.929997 0.932504 0.927489 563     0
39    39.5 1.566   2.5     11    102   5        0.717885 0.731225 0.704545 88      0
39    39.5 1.566   2.5     5     11    5        0.789124 0.792405 0.785844 551     0
39    39.5 -2.5    -1.566  0     5     5        0.905405 0.905626 0.905184 551     0
39    39.5 -2.5    -1.566  11    102   5        0.668549 0.685185 0.651912 108     0
39    39.5 -2.5    -1.566  5     11    5        0.778607 0.787838 0.769376 530     0
39.5  40   -1.4442 1.4442  0     5     5        0.967812 0.967952 0.967672 4184    0
39.5  40   -1.4442 1.4442  11    102   5        0.794913 0.79521  0.794616 837     0
39.5  40   -1.4442 1.4442  5     11    5        0.919719 0.920214 0.919223 3916    0
39.5  40   1.566   2.5     0     5     5        0.913772 0.920293 0.907251 593     0
39.5  40   1.566   2.5     11    102   5        0.682624 0.691434 0.673815 100.779 0
39.5  40   1.566   2.5     5     11    5        0.827643 0.830623 0.824663 519     0
39.5  40   -2.5    -1.566  0     5     5        0.901132 0.902527 0.899738 554     0
39.5  40   -2.5    -1.566  11    102   5        0.628077 0.643883 0.612272 98.9777 0
39.5  40   -2.5    -1.566  5     11    5        0.787528 0.78913  0.785926 460     0
40    45   -1.4442 1.4442  0     5     5        0.977048 0.977294 0.976802 46793   0
40    45   -1.4442 1.4442  11    102   5        0.837486 0.837914 0.837059 9275    0
40    45   -1.4442 1.4442  5     11    5        0.936959 0.937366 0.936551 44536   0
40    45   1.566   2.5     0     5     5        0.923844 0.924891 0.922797 4678    0
40    45   1.566   2.5     11    102   5        0.658281 0.659846 0.656716 872     0
40    45   1.566   2.5     5     11    5        0.803824 0.807036 0.800612 4347.05 0
40    45   -2.5    -1.566  0     5     5        0.920369 0.922078 0.91866  4604    0
40    45   -2.5    -1.566  11    102   5        0.654658 0.655785 0.653531 892     0
40    45   -2.5    -1.566  5     11    5        0.797929 0.80057  0.795287 4218    0
45    50   -1.4442 1.4442  0     5     5        0.98626  0.986678 0.985842 31977   0
45    50   -1.4442 1.4442  11    102   5        0.890323 0.891315 0.88933  6562    0
45    50   -1.4442 1.4442  5     11    5        0.958415 0.958691 0.958138 30984   0
45    50   1.566   2.5     0     5     5        0.934123 0.934249 0.933997 2073.97 0
45    50   1.566   2.5     11    102   5        0.715464 0.720877 0.710052 425.239 0
45    50   1.566   2.5     5     11    5        0.844825 0.845943 0.843707 2173    0
45    50   -2.5    -1.566  0     5     5        0.948364 0.949898 0.94683  2267.52 0
45    50   -2.5    -1.566  11    102   5        0.725542 0.725669 0.725416 477.968 0
45    50   -2.5    -1.566  5     11    5        0.825905 0.826842 0.824968 2136    0
50    55   -1.4442 1.4442  0     5     5        0.989211 0.989301 0.989122 12383   0
50    55   -1.4442 1.4442  11    102   5        0.919452 0.91979  0.919114 2510    0
50    55   -1.4442 1.4442  5     11    5        0.969224 0.969715 0.968733 12024   0
50    55   1.566   2.5     0     5     5        0.943307 0.943894 0.94272  918     0
50    55   1.566   2.5     11    102   5        0.682116 0.68837  0.675862 148     0
50    55   1.566   2.5     5     11    5        0.85147  0.853778 0.849161 765.815 0
50    55   -2.5    -1.566  0     5     5        0.960502 0.96406  0.956943 934     0
50    55   -2.5    -1.566  11    102   5        0.747553 0.751429 0.743677 158.079 0
50    55   -2.5    -1.566  5     11    5        0.867995 0.869311 0.866679 849.097 0
55    60   -1.4442 1.4442  0     5     5        0.989096 0.989792 0.9884   5831.46 0
55    60   -1.4442 1.4442  11    102   5        0.944869 0.945636 0.944102 1161.09 0
55    60   -1.4442 1.4442  5     11    5        0.976956 0.977074 0.976837 5510    0
55    60   1.566   2.5     0     5     5        0.946723 0.949608 0.943838 434.384 0
55    60   1.566   2.5     11    102   5        0.731262 0.770913 0.691612 76.965  0
55    60   1.566   2.5     5     11    5        0.894927 0.901862 0.887992 402.895 0
55    60   -2.5    -1.566  0     5     5        0.943993 0.945926 0.94206  468     0
55    60   -2.5    -1.566  11    102   5        0.769231 0.769231 0.769231 65      0
55    60   -2.5    -1.566  5     11    5        0.891422 0.899896 0.882949 434.463 0
60    65   -1.4442 1.4442  0     5     5        0.98942  0.989886 0.988953 3291    0
60    65   -1.4442 1.4442  11    102   5        0.961182 0.963346 0.959018 603.2   0
60    65   -1.4442 1.4442  5     11    5        0.979594 0.979688 0.979501 2972    0
60    65   1.566   2.5     0     5     5        0.946027 0.947761 0.944293 277     0
60    65   1.566   2.5     11    102   5        0.686118 0.720332 0.651904 41.8152 0
60    65   1.566   2.5     5     11    5        0.904858 0.907493 0.902222 229     0
60    65   -2.5    -1.566  0     5     5        0.978831 0.980112 0.97755  254.15  0
60    65   -2.5    -1.566  11    102   5        0.969968 0.987058 0.952877 42.7859 0
60    65   -2.5    -1.566  5     11    5        0.904305 0.909686 0.898925 241.842 0
65    70   -1.4442 1.4442  0     5     5        0.992234 0.992459 0.992009 2013    0
65    70   -1.4442 1.4442  11    102   5        0.956042 0.958079 0.954004 332.2   0
65    70   -1.4442 1.4442  5     11    5        0.984069 0.985089 0.98305  1856.61 0
65    70   1.566   2.5     0     5     5        0.979938 0.980519 0.979357 158     0
65    70   1.566   2.5     11    102   5        0.823809 0.83047  0.817149 31.9069 0
65    70   1.566   2.5     5     11    5        0.918329 0.924242 0.912415 134     0
65    70   -2.5    -1.566  0     5     5        0.981798 0.984576 0.979021 146     0
65    70   -2.5    -1.566  11    102   5        0.871803 0.875648 0.867957 23.8317 0
65    70   -2.5    -1.566  5     11    5        0.914673 0.919571 0.909774 137     0
70    75   -1.4442 1.4442  0     5     5        0.989607 0.989879 0.989336 1285    0
70    75   -1.4442 1.4442  11    102   5        0.966993 0.970461 0.963524 194.019 0
70    75   -1.4442 1.4442  5     11    5        0.991666 0.99353  0.989802 1204.18 0
70    75   1.566   2.5     0     5     5        0.961287 0.961538 0.961035 82      0
70    75   1.566   2.5     11    102   5        0.899171 0.923761 0.87458  8       0
70    75   1.566   2.5     5     11    5        0.90037  0.907407 0.893333 78      0
70    75   -2.5    -1.566  0     5     5        0.91617  0.93595  0.896389 97      0
70    75   -2.5    -1.566  11    102   5        0.919197 0.969971 0.868423 15.8514 0
70    75   -2.5    -1.566  5     11    5        0.87188  0.884889 0.85887  80.8853 0
75    80   -1.4442 1.4442  0     5     5        0.992827 0.993052 0.992602 853     0
75    80   -1.4442 1.4442  11    102   5        0.960908 0.963226 0.958589 150.828 0
75    80   -1.4442 1.4442  5     11    5        0.980662 0.980978 0.980346 773     0
75    80   1.566   2.5     0     5     5        0.977625 0.982456 0.972793 58      0
75    80   1.566   2.5     11    102   5        0.907692 0.948718 0.866667 15      0
75    80   1.566   2.5     5     11    5        0.938302 0.95     0.926603 40      0
75    80   -2.5    -1.566  0     5     5        1        1        1        57      0
75    80   -2.5    -1.566  11    102   5        1        1        1        10.9495 0
75    80   -2.5    -1.566  5     11    5        0.920108 0.931818 0.908397 46      0
80    85   -1.4442 1.4442  0     5     5        0.992525 0.993685 0.991364 598     0
80    85   -1.4442 1.4442  11    102   5        0.963443 0.965375 0.961511 110.838 0
80    85   -1.4442 1.4442  5     11    5        0.989281 0.989315 0.989247 582     0
80    85   1.566   2.5     0     5     5        0.934005 0.949032 0.918978 35.9095 0
80    85   1.566   2.5     11    102   5        0.805579 0.833333 0.777825 6       0
80    85   1.566   2.5     5     11    5        0.941916 0.944438 0.939394 35      0
80    85   -2.5    -1.566  0     5     5        1        1        1        28      0
80    85   -2.5    -1.566  11    102   5        1        1        1        9       0
80    85   -2.5    -1.566  5     11    5        0.88041  0.9032   0.85762  34.9805 0
85    90   -1.4442 1.4442  0     5     5        0.979827 0.980907 0.978746 433     0
85    90   -1.4442 1.4442  11    102   5        1        1        1        62.7142 0
85    90   -1.4442 1.4442  5     11    5        0.990971 0.991329 0.990613 355     0
85    90   1.566   2.5     0     5     5        0.954762 0.97619  0.933333 30      0
85    90   1.566   2.5     11    102   5        0.757143 0.8      0.714286 5       0
85    90   1.566   2.5     5     11    5        0.861628 0.888645 0.834612 23.9632 0
85    90   -2.5    -1.566  0     5     5        1        1        1        21      0
85    90   -2.5    -1.566  11    102   5        1        1        1        4       0
85    90   -2.5    -1.566  5     11    5        0.883035 0.88607  0.88     25      0
90    95   -1.4442 1.4442  0     5     5        0.984622 0.98513  0.984114 279     0
90    95   -1.4442 1.4442  11    102   5        1        1        1        47      0
90    95   -1.4442 1.4442  5     11    5        0.992183 0.992509 0.991857 273     0
90    95   1.566   2.5     0     5     5        0.890663 0.911761 0.869565 23      0
90    95   1.566   2.5     11    102   5        0.589286 0.75     0.428572 4       0
90    95   1.566   2.5     5     11    5        0.871875 0.893008 0.850742 19      0
90    95   -2.5    -1.566  0     5     5        0.905207 0.92     0.890413 25      0
90    95   -2.5    -1.566  11    102   5        1        1        1        0       0
90    95   -2.5    -1.566  5     11    5        1        1        1        7.98617 0
95    100  -1.4442 1.4442  0     5     5        0.991722 0.993544 0.989899 203     0
95    100  -1.4442 1.4442  11    102   5        1        1        1        33      0
95    100  -1.4442 1.4442  5     11    5        0.98888  0.989468 0.988293 202     0
95    100  1.566   2.5     0     5     5        1        1        1        12      0
95    100  1.566   2.5     11    102   5        1        1        1        3       0
95    100  1.566   2.5     5     11    5        1        1        1        14      0
95    100  -2.5    -1.566  0     5     5        1        1        1        16.979  0
95    100  -2.5    -1.566  11    102   5        1        1        1        1       0
95    100  -2.5    -1.566  5     11    5        1        1        1        11.9481 0