#put your comments after a '#'.
#efficiency name: ElectronId
#dimension: 1 


     #PtMin      PtMax     EtaMin     EtaMax   NumParms        eff      statp      statm        den
         20         25       -2.5        2.5          4     0.9251    0.02587   -0.02784     245.59
         25         30       -2.5        2.5          4     0.9583    0.01451   -0.01489     474.46
         30         35       -2.5        2.5          4     0.9789    0.01139   -0.01324     715.52
         35         40       -2.5        2.5          4     0.9807    0.01218   -0.01886     1073.7
         40         50       -2.5        2.5          4     0.9621    0.01926    -0.0162     1727.6
         50        120       -2.5        2.5          4     0.9641     0.0202   -0.02687     542.33
