#put your comments after a '#'.
#efficiency name: ElectronId80
#dimension: 1 


     #PtMin      PtMax     EtaMin     EtaMax   NumParms        eff      statp      statm        den
         20         25       -2.5        2.5          4     0.8152    0.03173   -0.03381     174.15
         25         30       -2.5        2.5          4     0.9301    0.02113   -0.02242     285.47
         30         35       -2.5        2.5          4     0.8866    0.01864   -0.01931     450.81
         35         40       -2.5        2.5          4     0.8915    0.01446   -0.01493     675.98
         40         50       -2.5        2.5          4     0.9124    0.01212   -0.01174     1241.3
         50        120       -2.5        2.5          4     0.8941     0.1059   -0.02471     361.94
