#put your comments after a '#'.
#efficiency name: HLT
#dimension: 1 


     #PtMin      PtMax     EtaMin     EtaMax   NumParms        eff      statp      statm        den
         20         25       -2.5        2.5          4          1  3.504e-11  -0.002096     238.38
         25         30       -2.5        2.5          4     0.9956   0.002426  -0.003864     455.51
         30         35       -2.5        2.5          4     0.9959   0.002264  -0.002841     731.18
         35         40       -2.5        2.5          4     0.9971   0.001358  -0.001995     1042.2
         40         50       -2.5        2.5          4          1  3.852e-14 -0.0002934     1704.4
         50        120       -2.5        2.5          4     0.9952   0.002637  -0.004346      414.1
