# tagWP WP95, probeWP = HFTightElectronId-EtaDet. Required to pass Tag, and
# fail probe.
#20  25   0  4    50  150  4  60.1799  424.776  0.0245045   8.44936  0
#25  30   0  4    50  150  4  69.1402  547.917  0.0286515   10.646   0
#30  35   0  4    50  150  4  77.3624  457.133  0.0284643   12.4978  0
#35  40   0  4    50  150  4  83.5951  403.78   0.0302065   13.285   0
#40  45   0  4    50  150  4  90.7339  210.384  0.0269744   16.6078  0
#45  50   0  4    50  150  4  97.3724  37.0248  0.0161798   21.5783  0
#55  500  0  4    50  150  4  120      8.6817   0.00507916  36.3306  0
#20  25   5  101  50  150  4  59.8565  483.94   0.0233786   8.23561  0
#25  30   5  101  50  150  4  70.1394  674.783  0.0278715   11.4878  0
#30  35   5  101  50  150  4  79.2466  935.512  0.0322975   12.8066  0
#35  40   5  101  50  150  4  85.3116  670.818  0.031546    12.9234  0
#40  45   5  101  50  150  4  88.4734  174.58   0.0237925   13.4754  0
#45  50   5  101  50  150  4  102.305  210.733  0.0273558   22.1829  0
#55  500  5  101  50  150  4  120      6.28835  0.0001      38.4005  0
#
# Using the above, but with a PT > 27 cut to protect from trigger turn on
20  25   0  4    50  150  4  60.1356  406.205  0.0242643   8.34121  0
25  30   0  4    50  150  4  69.0925  515.953  0.0282728   10.6708  0
30  35   0  4    50  150  4  77.2636  430.191  0.028122    12.1651  0
35  40   0  4    50  150  4  83.63    373.509  0.0296465   13.2224  0
40  45   0  4    50  150  4  90.7897  206.894  0.0269816   16.6077  0
45  50   0  4    50  150  4  97.6148  37.025   0.0162676   21.7865  0
55  500  0  4    50  150  4  120      7.64205  0.00429102  36.6035  0
20  25   5  101  50  150  4  59.8797  462.308  0.0230975   8.11003  0
25  30   5  101  50  150  4  70.036   634.854  0.0275169   11.356   0
30  35   5  101  50  150  4  79.2488  887.255  0.0319973   12.7526  0
35  40   5  101  50  150  4  85.3036  633.898  0.0312269   12.8949  0
40  45   5  101  50  150  4  88.6204  179.882  0.0242157   13.4243  0
45  50   5  101  50  150  4  103.062  220.146  0.0277273   22.5628  0
55  500  5  101  50  150  4  120      6.20685  0.0001      38.4679  0
# Output directory:  /export/scratch/tmp/hf_trigger_background_fits_LzX_v8
# Phistar
# Output directory:  /export/scratch/tmp/hf_trigger_background_fits_1xxscc
0     0.05  0  4    50  150  4  66.8479  247.054  0.0175756  16.9697  1
0.05  0.1   0  4    50  150  4  64.8657  185.165  0.0198636  16.2758  1
0.1   0.2   0  4    50  150  4  63.1468  201.439  0.0211317  14.486   1
0.2   1     0  4    50  150  4  60.2826  318.608  0.0242495  19.743   1
0     0.05  5  101  50  150  4  70.0825  411.679  0.0198075  18.9142  1
0.05  0.1   5  101  50  150  4  67.6002  279.257  0.0210773  18.1529  1
0.1   0.2   5  101  50  150  4  66.4083  296.276  0.0217803  19.0468  1
0.2   1     5  101  50  150  4  58.224   281.998  0.0203989  19.1128  1
