# Output directory:  /export/scratch/tmp/hf_trigger_background_fits_z0bk7m
0     0.05  0  4    50  150  4  78.0885  852.845  0.0405812  22.3829  1
0     1     0  4    50  150  4  78.0885  852.845  0.0405812  22.3829  1
0.05  0.1   0  4    50  150  4  78.0885  852.845  0.0405812  22.3829  1
0.1   0.2   0  4    50  150  4  78.0885  852.845  0.0405812  22.3829  1
0.2   1     0  4    50  150  4  78.0885  852.845  0.0405812  22.3829  1
0     0.05  5  101  50  150  4  76.94    768.469  0.0364957  22.6025  1
0     1     5  101  50  150  4  76.94    768.469  0.0364957  22.6025  1
0.05  0.1   5  101  50  150  4  76.94    768.469  0.0364957  22.6025  1
0.1   0.2   5  101  50  150  4  76.94    768.469  0.0364957  22.6025  1
0.2   1     5  101  50  150  4  76.94    768.469  0.0364957  22.6025  1
