#Bin pt_min pt_max Eff Thu Jan 20 13:30:20 2011
  1  0.70  2.50 0.73470
  2  2.50  5.00 0.73053
  3  5.00  7.50 0.72548
  4  7.50 10.00 0.72145
  5 10.00 12.50 0.71567
  6 12.50 15.00 0.70950
  7 15.00 17.50 0.70280
  8 17.50 20.00 0.69630
  9 20.00 30.00 0.68193
 10 30.00 40.00 0.65986
 11 40.00 50.00 0.64211
 12 50.00 70.00 0.62768
 13 70.00 90.00 0.60509
 14 90.00 110.00 0.58798
 15 110.00 150.00 0.60337
 16 150.00 190.00 0.63087
 17 190.00 250.00 0.67175
 18 250.00 600.00 0.71825
 19 600.00 3500.00 0.26389
