#Bin pt_min pt_max Eff Tue Feb  8 09:33:06 2011
  1  0.70  2.50 0.60406
  2  2.50  5.00 0.61625
  3  5.00  7.50 0.66165
  4  7.50 10.00 0.69243
  5 10.00 12.50 0.70145
  6 12.50 15.00 0.69777
  7 15.00 17.50 0.69139
  8 17.50 20.00 0.68187
  9 20.00 30.00 0.65529
 10 30.00 40.00 0.61287
 11 40.00 50.00 0.58719
 12 50.00 70.00 0.56280
 13 70.00 90.00 0.53236
 14 90.00 110.00 0.50916
 15 110.00 150.00 0.51943
 16 150.00 190.00 0.54731
 17 190.00 250.00 0.57639
 18 250.00 600.00 0.60854
 19 600.00 3500.00 0.30000
