#Bin pt_min pt_max Eff Wed Mar  9 09:52:48 2011
  1  0.70  2.50 0.73183
  2  2.50  5.00 0.72957
  3  5.00  7.50 0.72673
  4  7.50 10.00 0.72403
  5 10.00 12.50 0.72193
  6 12.50 15.00 0.72033
  7 15.00 17.50 0.71848
  8 17.50 20.00 0.71743
  9 20.00 30.00 0.71516
 10 30.00 40.00 0.71177
 11 40.00 50.00 0.70522
 12 50.00 70.00 0.70497
 13 70.00 90.00 0.71181
 14 90.00 110.00 0.73250
 15 110.00 150.00 0.74894
 16 150.00 190.00 0.76341
 17 190.00 250.00 0.77738
 18 250.00 600.00 0.78707
 19 600.00 3500.00 0.32857
