#put your comments after a '#' 
# Negative PDF errors
#Bin        YMin        YMax     Entries
1        -5.5       -5.25           0
2       -5.25          -5           0
3          -5       -4.75           0
4       -4.75        -4.5           0
5        -4.5       -4.25           0
6       -4.25          -4           0
7          -4       -3.75  -0.0413851
8       -3.75        -3.5  -0.0132901
9        -3.5       -3.25 -0.00316648
10       -3.25          -3 -0.00238571
11          -3       -2.75 -0.00153608
12       -2.75        -2.5 -0.00173039
13        -2.5       -2.25 -0.00135044
14       -2.25          -2-0.000678906
15          -2       -1.75-0.000644741
16       -1.75        -1.5-0.000597747
17        -1.5       -1.25-0.000732114
18       -1.25          -1-0.000850244
19          -1       -0.75-0.000771879
20       -0.75        -0.5-0.000684792
21        -0.5       -0.25-0.000672857
22       -0.25           0-0.000919178
23           0        0.25-0.000895697
24        0.25         0.5-0.000654498
25         0.5        0.75-0.000659704
26        0.75           1 -0.00083965
27           1        1.25 -0.00096488
28        1.25         1.5-0.000756905
29         1.5        1.75-0.000633338
30        1.75           2-0.000626005
31           2        2.25-0.000805909
32        2.25         2.5 -0.00141535
33         2.5        2.75 -0.00194141
34        2.75           3 -0.00158508
35           3        3.25 -0.00204251
36        3.25         3.5 -0.00360279
37         3.5        3.75  -0.0139858
38        3.75           4  -0.0420443
39           4        4.25   -0.652895
40        4.25         4.5           0
41         4.5        4.75           0
42        4.75           5           0
43           5        5.25           0
