#put your comments after a '#'.
#Variable name: unfolding_error
PtBin     PtMin      PtMax    Value    Error
1	0	2.5	5.834e-03	0
2	2.5	5	5.035e-03	0
3	5	7.5	1.533e-03	0
4	7.5	10	2.166e-03	0
5	10	12.5	2.496e-03	0
6	12.5	15	3.576e-03	0
7	15	17.5	3.004e-03	0
8	17.5	20	3.957e-03	0
9	20	30	3.462e-03	0
10	30	40	2.292e-03	0
11	40	50	4.733e-04	0
12	50	70	7.834e-04	0
13	70	90	1.316e-03	0
14	90	110	1.796e-03	0
15	110	150	2.243e-03	0
16	150	190	2.624e-03	0
17	190	250	1.718e-03	0
18	250	600	4.064e-03	0
19	600	3.5e+03	1.020e-02	0
20	3.5e+03	6.4e+03	0.000e+00	0
21	3.68e+03	6.58e+03	0.000e+00	0
22	3.87e+03	6.77e+03	0.000e+00	0
23	4.05e+03	6.95e+03	0.000e+00	0
24	4.24e+03	7.14e+03	0.000e+00	0
25	4.42e+03	7.32e+03	0.000e+00	0
26	4.61e+03	7.51e+03	0.000e+00	0
27	4.79e+03	7.69e+03	0.000e+00	0
28	4.97e+03	7.87e+03	0.000e+00	0
29	5.16e+03	8.06e+03	0.000e+00	0
30	5.34e+03	8.24e+03	0.000e+00	0
31	5.53e+03	8.43e+03	0.000e+00	0
32	5.71e+03	8.61e+03	0.000e+00	0
33	5.89e+03	8.79e+03	0.000e+00	0
34	6.08e+03	8.98e+03	0.000e+00	0
35	6.26e+03	9.16e+03	0.000e+00	0
36	6.45e+03	9.35e+03	0.000e+00	0
37	6.63e+03	9.53e+03	0.000e+00	0
38	6.82e+03	9.72e+03	0.000e+00	0
39	7e+03	9.9e+03	0.000e+00	0
40	7.18e+03	1.01e+04	0.000e+00	0
41	7.37e+03	1.03e+04	0.000e+00	0
42	7.55e+03	1.05e+04	0.000e+00	0
43	7.74e+03	1.06e+04	0.000e+00	0
44	7.92e+03	1.08e+04	0.000e+00	0
45	8.11e+03	1.1e+04	0.000e+00	0
46	8.29e+03	1.12e+04	0.000e+00	0
47	8.47e+03	1.14e+04	0.000e+00	0
48	8.66e+03	1.16e+04	0.000e+00	0
49	8.84e+03	1.17e+04	0.000e+00	0
50	9.03e+03	1.19e+04	0.000e+00	0
51	9.21e+03	1.21e+04	0.000e+00	0
52	9.39e+03	1.23e+04	0.000e+00	0
53	9.58e+03	1.25e+04	0.000e+00	0
54	9.76e+03	1.27e+04	0.000e+00	0
55	9.95e+03	1.28e+04	0.000e+00	0
56	1.01e+04	1.3e+04	0.000e+00	0
57	1.03e+04	1.32e+04	0.000e+00	0
58	1.05e+04	1.34e+04	0.000e+00	0
59	1.07e+04	1.36e+04	0.000e+00	0
60	1.09e+04	1.38e+04	0.000e+00	0
61	1.11e+04	1.4e+04	0.000e+00	0
62	1.12e+04	1.41e+04	0.000e+00	0
63	1.14e+04	1.43e+04	0.000e+00	0
64	1.16e+04	1.45e+04	0.000e+00	0
65	1.18e+04	1.47e+04	0.000e+00	0
66	1.2e+04	1.49e+04	0.000e+00	0
67	1.22e+04	1.51e+04	0.000e+00	0
68	1.23e+04	1.52e+04	0.000e+00	0
69	1.25e+04	1.54e+04	0.000e+00	0
70	1.27e+04	1.56e+04	0.000e+00	0
71	1.29e+04	1.58e+04	0.000e+00	0
72	1.31e+04	1.6e+04	0.000e+00	0
73	1.33e+04	1.62e+04	0.000e+00	0
74	1.34e+04	1.63e+04	0.000e+00	0
75	1.36e+04	1.65e+04	0.000e+00	0
76	1.38e+04	1.67e+04	0.000e+00	0
77	1.4e+04	1.69e+04	0.000e+00	0
78	1.42e+04	1.71e+04	0.000e+00	0
79	1.44e+04	1.73e+04	0.000e+00	0
80	1.46e+04	1.75e+04	0.000e+00	0
81	1.47e+04	1.76e+04	0.000e+00	0
82	1.49e+04	1.78e+04	0.000e+00	0
83	1.51e+04	1.8e+04	0.000e+00	0
84	1.53e+04	1.82e+04	0.000e+00	0
85	1.55e+04	1.84e+04	0.000e+00	0
86	1.57e+04	1.86e+04	0.000e+00	0
87	1.58e+04	1.87e+04	0.000e+00	0
88	1.6e+04	1.89e+04	0.000e+00	0
89	1.62e+04	1.91e+04	0.000e+00	0
90	1.64e+04	1.93e+04	0.000e+00	0
91	1.66e+04	1.95e+04	0.000e+00	0
92	1.68e+04	1.97e+04	0.000e+00	0
93	1.69e+04	1.98e+04	0.000e+00	0
94	1.71e+04	2e+04	0.000e+00	0
95	1.73e+04	2.02e+04	0.000e+00	0
96	1.75e+04	2.04e+04	0.000e+00	0
97	1.77e+04	2.06e+04	0.000e+00	0
98	1.79e+04	2.08e+04	0.000e+00	0
99	1.81e+04	2.1e+04	0.000e+00	0
100	1.82e+04	2.11e+04	0.000e+00	0
